7.96,-82.690002,8.46,-81.800003
7.96,-82.690002,8.46,-81.800003
7.91,-82.989998,8.46,-81.370003
7.91,-82.989998,8.46,-81.370003
7.91,-82.989998,8.46,-81.370003
7.94,-83.099998,8.49,-81.800003
7.94,-83.099998,8.49,-81.800003
7.94,-83.099998,8.49,-81.800003
7.93,-83.169998,8.48,-81.669998
7.93,-83.169998,8.48,-81.669998
7.96,-83.089996,8.48,-81.620003
7.96,-83.089996,8.48,-81.620003
7.96,-83.089996,8.48,-81.620003
7.94,-83.089996,8.46,-81.620003
7.94,-83.089996,8.46,-81.620003
7.94,-83.089996,8.46,-81.620003
7.94,-83.089996,8.46,-81.620003
7.94,-83.089996,8.46,-81.620003
7.94,-83.089996,8.46,-81.620003
7.9,-83.389999,8.47,-82.019997
7.9,-83.389999,8.47,-82.019997
7.9,-83.389999,8.47,-82.019997
7.93,-83.129997,8.47,-81.940002
7.93,-83.129997,8.47,-81.940002
7.93,-83.129997,8.47,-81.940002
7.96,-83.080002,8.46,-82.099998
7.96,-83.080002,8.46,-82.099998
7.95,-82.75,8.48,-81.589996
7.95,-82.75,8.48,-81.589996
7.95,-82.75,8.48,-81.589996
7.95,-82.830002,8.47,-81.639999
7.95,-82.830002,8.47,-81.639999
7.95,-82.830002,8.47,-81.639999
7.94,-82.650002,8.47,-81.800003
7.94,-82.650002,8.47,-81.800003
7.94,-82.650002,8.47,-81.800003
7.94,-82.599998,8.49,-81.75
7.94,-82.599998,8.49,-81.75
7.96,-82.739998,8.49,-81.809998
7.96,-82.739998,8.49,-81.809998
7.96,-82.739998,8.49,-81.809998
7.94,-82.489998,8.47,-81.57
7.94,-82.489998,8.47,-81.57
7.94,-82.489998,8.47,-81.57
7.94,-82.489998,8.47,-81.57
7.94,-82.489998,8.47,-81.57
7.94,-82.489998,8.47,-81.57
7.94,-82.489998,8.47,-81.57
7.94,-82.790001,0.0,0.0
7.94,-82.790001,0.0,0.0
7.92,-83.269997,8.46,-81.959999
7.92,-83.269997,8.46,-81.959999
7.92,-83.269997,8.46,-81.959999
7.93,-83.120003,8.47,-81.730003
7.93,-83.120003,8.47,-81.730003
7.93,-83.120003,8.47,-81.730003
7.96,-83.050003,8.49,-81.459999
7.96,-83.050003,8.49,-81.459999
7.93,-82.510002,8.46,-81.870003
7.93,-82.510002,8.46,-81.870003
7.93,-82.510002,8.46,-81.870003
7.93,-82.889999,8.46,-82.529999
7.93,-82.889999,8.46,-82.529999
7.93,-82.889999,8.46,-82.529999
7.93,-83.25,8.49,-82.029999
7.93,-83.25,8.49,-82.029999
7.93,-83.25,8.49,-82.029999
7.97,-82.720001,8.45,-82.269997
7.97,-82.720001,8.45,-82.269997
7.92,-82.660004,8.46,-82.43
7.92,-82.660004,8.46,-82.43
7.92,-82.660004,8.46,-82.43
7.94,-83.0,8.48,-81.519997
7.94,-83.0,8.48,-81.519997
7.94,-83.0,8.48,-81.519997
7.92,-82.949997,8.46,-81.720001
7.92,-82.949997,8.46,-81.720001
7.93,-82.769997,8.48,-82.330002
7.93,-82.769997,8.48,-82.330002
7.93,-82.769997,8.48,-82.330002
7.93,-83.25,8.47,-81.68
7.93,-83.25,8.47,-81.68
7.93,-83.25,8.47,-81.68
7.94,-82.309998,8.45,-81.540001
7.94,-82.309998,8.45,-81.540001
7.94,-82.309998,8.45,-81.540001
7.93,-84.099998,8.5,-81.709999
7.93,-84.099998,8.5,-81.709999
7.93,-82.660004,8.49,-81.790001
7.93,-82.660004,8.49,-81.790001
7.93,-82.660004,8.49,-81.790001
7.92,-83.150002,8.47,-81.940002
7.92,-83.150002,8.47,-81.940002
7.92,-83.150002,8.47,-81.940002
7.92,-83.239998,8.48,-81.769997
7.92,-83.239998,8.48,-81.769997
7.95,-82.360001,8.49,-81.610001
7.95,-82.360001,8.49,-81.610001
7.95,-82.360001,8.49,-81.610001
7.95,-82.25,8.49,-81.739998
7.95,-82.25,8.49,-81.739998
7.95,-82.25,8.49,-81.739998
7.88,-82.839996,8.46,-81.709999
7.88,-82.839996,8.46,-81.709999
7.97,-82.809998,8.48,-81.870003
7.97,-82.809998,8.48,-81.870003
7.97,-82.809998,8.48,-81.870003
7.9,-82.830002,8.47,-82.379997
7.9,-82.830002,8.47,-82.379997
7.9,-82.830002,8.47,-82.379997
7.94,-82.150002,8.5,-81.769997
7.94,-82.150002,8.5,-81.769997
7.94,-82.150002,8.5,-81.769997
7.95,-83.040001,8.49,-82.120003
7.95,-83.040001,8.49,-82.120003
7.94,-82.669998,8.49,-82.43
7.94,-82.669998,8.49,-82.43
7.94,-82.669998,8.49,-82.43
7.95,-82.57,8.48,-81.760002
7.95,-82.57,8.48,-81.760002
7.95,-82.57,8.48,-81.760002
7.97,-82.660004,8.46,-82.0
7.97,-82.660004,8.46,-82.0
7.95,-82.589996,8.47,-81.860001
7.95,-82.589996,8.47,-81.860001
7.95,-82.589996,8.47,-81.860001
7.93,-82.870003,8.49,-81.970001
7.93,-82.870003,8.49,-81.970001
7.93,-82.870003,8.49,-81.970001
7.95,-83.150002,8.47,-81.699997
7.95,-83.150002,8.47,-81.699997
7.95,-83.150002,8.47,-81.699997
7.95,-83.150002,8.47,-81.699997
7.95,-83.150002,8.47,-81.699997
7.95,-83.150002,8.47,-81.699997
7.93,-83.599998,8.49,-82.040001
7.93,-83.599998,8.49,-82.040001
7.93,-83.599998,8.49,-82.040001
0.0,0.0,8.48,-82.220001
0.0,0.0,8.48,-82.220001
7.97,-83.059998,8.47,-81.760002
7.97,-83.059998,8.47,-81.760002
7.97,-83.059998,8.47,-81.760002
7.96,-82.660004,8.48,-81.550003
7.96,-82.660004,8.48,-81.550003
7.96,-82.660004,8.48,-81.550003
7.89,-83.449997,8.47,-81.559998
7.89,-83.449997,8.47,-81.559998
7.89,-83.449997,8.47,-81.559998
7.93,-82.459999,8.5,-81.669998
7.93,-82.459999,8.5,-81.669998
7.92,-83.169998,8.49,-82.190002
7.92,-83.169998,8.49,-82.190002
7.92,-83.169998,8.49,-82.190002
7.9,-83.419998,8.49,-81.970001
7.9,-83.419998,8.49,-81.970001
7.9,-83.419998,8.49,-81.970001
7.94,-83.379997,8.48,-81.580002
7.94,-83.379997,8.48,-81.580002
7.94,-83.379997,8.48,-81.580002
7.95,-82.860001,8.48,-81.440002
7.95,-82.860001,8.48,-81.440002
7.95,-82.809998,8.5,-81.379997
7.95,-82.809998,8.5,-81.379997
7.95,-82.809998,8.5,-81.379997
7.97,-82.480003,8.47,-81.349998
7.97,-82.480003,8.47,-81.349998
7.97,-82.480003,8.47,-81.349998
7.94,-82.360001,8.5,-81.669998
7.94,-82.360001,8.5,-81.669998
7.93,-82.370003,8.48,-81.349998
7.93,-82.370003,8.48,-81.349998
7.93,-82.370003,8.48,-81.349998
7.96,-82.910004,8.48,-81.589996
7.96,-82.910004,8.48,-81.589996
7.96,-82.910004,8.48,-81.589996
7.95,-83.110001,8.51,-81.660004
7.95,-83.110001,8.51,-81.660004
7.95,-83.110001,8.51,-81.660004
7.93,-83.099998,8.47,-81.75
7.93,-83.099998,8.47,-81.75
7.94,-83.260002,8.48,-82.019997
7.94,-83.260002,8.48,-82.019997
7.94,-83.260002,8.48,-82.019997
7.91,-83.110001,8.5,-81.699997
7.91,-83.110001,8.5,-81.699997
7.91,-83.110001,8.5,-81.699997
7.95,-82.43,8.49,-81.830002
7.95,-82.43,8.49,-81.830002
7.95,-82.769997,8.49,-81.760002
7.95,-82.769997,8.49,-81.760002
7.95,-82.769997,8.49,-81.760002
7.96,-82.669998,8.51,-81.919998
7.96,-82.669998,8.51,-81.919998
7.96,-82.669998,8.51,-81.919998
7.93,-83.160004,8.48,-81.57
7.93,-83.160004,8.48,-81.57
7.93,-83.160004,8.48,-81.57
7.93,-82.75,8.47,-81.82
7.93,-82.75,8.47,-81.82
7.91,-82.690002,8.48,-81.809998
7.91,-82.690002,8.48,-81.809998
7.91,-82.690002,8.48,-81.809998
7.93,-82.720001,8.48,-81.709999
7.93,-82.720001,8.48,-81.709999
7.93,-82.720001,8.48,-81.709999
7.92,-82.760002,8.49,-81.68
7.92,-82.760002,8.49,-81.68
7.93,-82.739998,8.49,-81.589996
7.93,-82.739998,8.49,-81.589996
7.93,-82.739998,8.49,-81.589996
7.92,-82.980003,8.47,-81.739998
7.92,-82.980003,8.47,-81.739998
7.92,-82.980003,8.47,-81.739998
7.94,-82.980003,8.48,-81.589996
7.94,-82.980003,8.48,-81.589996
7.94,-82.980003,8.48,-81.589996
7.94,-82.730003,8.5,-81.449997
7.94,-82.730003,8.5,-81.449997
7.92,-82.980003,8.48,-81.839996
7.92,-82.980003,8.48,-81.839996
7.92,-82.980003,8.48,-81.839996
7.96,-82.57,8.48,-81.82
7.96,-82.57,8.48,-81.82
7.96,-82.57,8.48,-81.82
7.91,-82.879997,8.47,-81.519997
7.91,-82.879997,8.47,-81.519997
7.91,-82.879997,8.47,-81.519997
7.95,-82.860001,8.49,-81.669998
7.95,-82.860001,8.49,-81.669998
7.95,-82.860001,8.51,-81.510002
7.95,-82.860001,8.51,-81.510002
7.95,-82.860001,8.51,-81.510002
7.95,-82.860001,8.51,-81.510002
7.95,-82.860001,8.51,-81.510002
7.95,-82.860001,8.51,-81.510002
7.95,-82.860001,8.51,-81.510002
7.92,-83.150002,0.0,0.0
7.92,-83.150002,0.0,0.0
7.99,-82.730003,8.48,-81.739998
7.99,-82.730003,8.48,-81.739998
7.99,-82.730003,8.48,-81.739998
7.94,-82.809998,8.48,-81.959999
7.94,-82.809998,8.48,-81.959999
7.94,-82.809998,8.48,-81.959999
7.95,-83.760002,8.48,-81.699997
7.95,-83.760002,8.48,-81.699997
7.95,-82.839996,8.46,-81.360001
7.95,-82.839996,8.46,-81.360001
7.95,-82.839996,8.46,-81.360001
7.95,-82.870003,8.48,-82.150002
7.95,-82.870003,8.48,-82.150002
7.95,-82.870003,8.48,-82.150002
7.94,-82.879997,8.47,-81.690002
7.94,-82.879997,8.47,-81.690002
7.94,-82.879997,8.47,-81.690002
7.94,-82.900002,8.47,-81.910004
7.94,-82.900002,8.47,-81.910004
7.96,-83.019997,8.46,-81.870003
7.96,-83.019997,8.46,-81.870003
7.96,-83.019997,8.46,-81.870003
7.96,-83.029999,8.45,-81.989998
7.96,-83.029999,8.45,-81.989998
7.96,-83.029999,8.45,-81.989998
7.92,-83.160004,8.48,-81.629997
7.92,-83.160004,8.48,-81.629997
7.92,-83.160004,8.48,-81.629997
7.99,-83.010002,8.46,-82.190002
7.99,-83.010002,8.46,-82.190002
7.92,-82.68,8.46,-81.970001
7.92,-82.68,8.46,-81.970001
7.92,-82.68,8.46,-81.970001
7.94,-83.07,8.48,-81.510002
7.94,-83.07,8.48,-81.510002
7.94,-83.07,8.48,-81.510002
7.95,-82.849998,8.46,-82.349998
7.95,-82.849998,8.46,-82.349998
7.96,-82.650002,8.48,-81.959999
7.96,-82.650002,8.48,-81.959999
7.96,-82.650002,8.48,-81.959999
7.97,-82.57,8.48,-81.870003
7.97,-82.57,8.48,-81.870003
7.97,-82.57,8.48,-81.870003
7.92,-82.449997,8.49,-81.830002
7.92,-82.449997,8.49,-81.830002
7.92,-82.449997,8.49,-81.830002
7.97,-82.82,8.45,-81.709999
7.97,-82.82,8.45,-81.709999
7.97,-82.82,8.45,-81.709999
7.95,-82.650002,8.46,-81.489998
7.95,-82.650002,8.46,-81.489998
7.92,-83.25,8.45,-81.910004
7.92,-83.25,8.45,-81.910004
7.92,-83.25,8.45,-81.910004
7.94,-83.220001,8.47,-82.110001
7.94,-83.220001,8.47,-82.110001
7.94,-83.220001,8.47,-82.110001
7.94,-82.660004,8.49,-82.370003
7.94,-82.660004,8.49,-82.370003
7.92,-82.18,8.46,-82.019997
7.92,-82.18,8.46,-82.019997
7.92,-82.18,8.46,-82.019997
7.94,-83.18,8.44,-81.769997
7.94,-83.18,8.44,-81.769997
7.94,-83.18,8.44,-81.769997
7.94,-82.860001,8.47,-81.849998
7.94,-82.860001,8.47,-81.849998
7.94,-82.860001,8.47,-81.849998
7.91,-83.82,8.48,-82.370003
7.91,-83.82,8.48,-82.370003
7.96,-82.419998,8.46,-82.599998
7.96,-82.419998,8.46,-82.599998
7.96,-82.419998,8.46,-82.599998
7.94,-82.540001,8.47,-81.879997
7.94,-82.540001,8.47,-81.879997
7.94,-82.540001,8.47,-81.879997
7.95,-82.849998,8.47,-81.68
7.95,-82.849998,8.47,-81.68
7.91,-83.220001,8.47,-81.699997
7.91,-83.220001,8.47,-81.699997
7.91,-83.220001,8.47,-81.699997
7.94,-83.040001,8.48,-81.739998
7.94,-83.040001,8.48,-81.739998
7.94,-83.040001,8.48,-81.739998
7.96,-82.580002,8.48,-81.779999
7.96,-82.580002,8.48,-81.779999
7.94,-83.040001,8.48,-82.239998
7.94,-83.040001,8.48,-82.239998
7.94,-83.040001,8.48,-82.239998
7.94,-83.199997,8.46,-81.790001
7.94,-83.199997,8.46,-81.790001
7.94,-83.199997,8.46,-81.790001
7.95,-83.43,8.47,-81.779999
7.95,-83.43,8.47,-81.779999
7.95,-83.43,8.47,-81.779999
7.91,-83.370003,8.47,-81.419998
7.91,-83.370003,8.47,-81.419998
7.95,-83.199997,8.5,-81.650002
7.95,-83.199997,8.5,-81.650002
7.95,-83.199997,8.5,-81.650002
7.92,-83.639999,8.48,-81.739998
7.92,-83.639999,8.48,-81.739998
7.92,-83.639999,8.48,-81.739998
7.91,-84.07,8.47,-82.190002
7.91,-84.07,8.47,-82.190002
7.96,-83.519997,8.46,-81.629997
7.96,-83.519997,8.46,-81.629997
7.96,-83.519997,8.46,-81.629997
7.91,-83.489998,8.46,-81.629997
7.91,-83.489998,8.46,-81.629997
7.91,-83.489998,8.46,-81.629997
7.92,-83.400002,8.48,-81.559998
7.92,-83.400002,8.48,-81.559998
7.92,-83.400002,8.48,-81.559998
7.93,-83.400002,8.49,-81.720001
7.93,-83.400002,8.49,-81.720001
7.92,-83.019997,8.45,-81.970001
7.92,-83.019997,8.45,-81.970001
7.92,-83.019997,8.45,-81.970001
7.96,-83.400002,8.49,-81.720001
7.96,-83.400002,8.49,-81.720001
7.96,-83.400002,8.49,-81.720001
7.92,-83.290001,8.48,-81.949997
7.92,-83.290001,8.48,-81.949997
7.92,-83.290001,8.48,-81.949997
7.92,-83.379997,8.48,-81.68
7.92,-83.379997,8.48,-81.68
7.92,-83.779999,8.49,-82.18
7.92,-83.779999,8.49,-82.18
7.92,-83.779999,8.49,-82.18
7.94,-83.269997,8.45,-82.110001
7.94,-83.269997,8.45,-82.110001
7.94,-83.269997,8.45,-82.110001
7.95,-83.489998,8.47,-81.550003
7.95,-83.489998,8.47,-81.550003
7.92,-83.660004,8.47,-81.720001
7.92,-83.660004,8.47,-81.720001
7.92,-83.660004,8.47,-81.720001
7.93,-83.300003,8.46,-81.93
7.93,-83.300003,8.46,-81.93
7.93,-83.300003,8.46,-81.93
7.92,-83.57,8.44,-81.730003
7.92,-83.57,8.44,-81.730003
7.92,-83.57,8.44,-81.730003
7.92,-83.57,8.46,-81.790001
7.92,-83.57,8.46,-81.790001
7.93,-83.739998,8.46,-81.379997
7.93,-83.739998,8.46,-81.379997
7.93,-83.739998,8.46,-81.379997
7.95,-83.279999,8.48,-81.699997
7.95,-83.279999,8.48,-81.699997
7.95,-83.279999,8.48,-81.699997
7.92,-83.779999,8.47,-81.410004
7.92,-83.779999,8.47,-81.410004
7.92,-83.650002,8.48,-81.330002
7.92,-83.650002,8.48,-81.330002
7.92,-83.650002,8.48,-81.330002
7.92,-83.650002,8.48,-81.330002
7.92,-83.650002,8.48,-81.330002
7.92,-83.650002,8.48,-81.330002
7.92,-83.650002,8.48,-81.330002
7.9,-83.089996,0.0,0.0
7.9,-83.089996,0.0,0.0
7.94,-83.720001,8.45,-81.419998
7.94,-83.720001,8.45,-81.419998
7.94,-83.720001,8.45,-81.419998
7.93,-83.559998,8.47,-81.800003
7.93,-83.559998,8.47,-81.800003
7.93,-83.559998,8.47,-81.800003
7.9,-82.949997,8.45,-81.93
7.9,-82.949997,8.45,-81.93
7.9,-82.949997,8.45,-81.93
7.96,-82.68,8.45,-81.769997
7.96,-82.68,8.45,-81.769997
7.95,-82.480003,8.45,-81.550003
7.95,-82.480003,8.45,-81.550003
7.95,-82.480003,8.45,-81.550003
7.92,-82.519997,8.46,-81.699997
7.92,-82.519997,8.46,-81.699997
7.92,-82.519997,8.46,-81.699997
7.94,-82.339996,8.46,-81.339996
7.94,-82.339996,8.46,-81.339996
7.94,-82.339996,8.46,-81.339996
7.95,-82.610001,8.45,-81.650002
7.95,-82.610001,8.45,-81.650002
7.95,-83.089996,8.45,-81.989998
7.95,-83.089996,8.45,-81.989998
7.95,-83.089996,8.45,-81.989998
7.95,-83.089996,8.45,-81.989998
7.95,-83.089996,8.45,-81.989998
7.95,-83.089996,8.45,-81.989998
7.95,-83.089996,8.45,-81.989998
7.97,-83.449997,0.0,0.0
7.97,-83.449997,0.0,0.0
7.92,-83.010002,8.49,-81.860001
7.92,-83.010002,8.49,-81.860001
7.92,-83.010002,8.49,-81.860001
7.95,-82.889999,8.45,-82.120003
7.95,-82.889999,8.45,-82.120003
7.95,-82.889999,8.45,-82.120003
7.95,-82.889999,8.45,-82.120003
7.95,-82.889999,8.45,-82.120003
7.95,-82.889999,8.45,-82.120003
7.95,-82.889999,8.45,-82.120003
7.93,-83.089996,8.49,-81.730003
7.93,-83.089996,8.49,-81.730003
0.0,0.0,8.5,-82.0
0.0,0.0,8.5,-82.0
0.0,0.0,8.5,-82.0
7.96,-82.650002,8.47,-81.620003
7.96,-82.650002,8.47,-81.620003
7.96,-82.650002,8.47,-81.620003
7.96,-82.919998,8.48,-81.900002
7.96,-82.919998,8.48,-81.900002
7.96,-82.919998,8.48,-81.900002
7.93,-82.349998,8.48,-82.099998
7.93,-82.349998,8.48,-82.099998
7.96,-82.419998,8.47,-81.910004
7.96,-82.419998,8.47,-81.910004
7.96,-82.419998,8.47,-81.910004
7.95,-82.300003,8.48,-82.150002
7.95,-82.300003,8.48,-82.150002
7.95,-82.300003,8.48,-82.150002
7.97,-82.339996,8.47,-82.0
7.97,-82.339996,8.47,-82.0
7.91,-82.199997,8.45,-81.93
7.91,-82.199997,8.45,-81.93
7.91,-82.199997,8.45,-81.93
7.95,-82.349998,8.45,-81.660004
7.95,-82.349998,8.45,-81.660004
7.95,-82.349998,8.45,-81.660004
7.9,-82.839996,8.48,-81.830002
7.9,-82.839996,8.48,-81.830002
7.96,-83.379997,8.45,-81.550003
7.96,-83.379997,8.45,-81.550003
7.96,-83.379997,8.45,-81.550003
7.96,-83.379997,8.45,-81.550003
7.96,-83.379997,8.45,-81.550003
7.96,-83.379997,8.45,-81.550003
7.96,-83.379997,8.45,-81.550003
7.96,-83.379997,8.45,-81.550003
7.94,-83.660004,8.46,-81.849998
7.94,-83.660004,8.46,-81.849998
0.0,0.0,8.48,-81.360001
0.0,0.0,8.48,-81.360001
0.0,0.0,8.48,-81.360001
0.0,0.0,8.48,-81.360001
0.0,0.0,8.48,-81.360001
0.0,0.0,8.48,-81.360001
0.0,0.0,8.48,-81.360001
7.9,-82.68,8.49,-81.480003
7.9,-82.68,8.49,-81.480003
7.9,-82.68,8.49,-81.480003
0.0,0.0,8.46,-81.370003
0.0,0.0,8.46,-81.370003
7.92,-82.639999,8.46,-81.809998
7.92,-82.639999,8.46,-81.809998
7.92,-82.639999,8.46,-81.809998
7.95,-82.669998,8.46,-81.650002
7.95,-82.669998,8.46,-81.650002
7.95,-82.669998,8.46,-81.650002
7.93,-82.5,8.46,-81.709999
7.93,-82.5,8.46,-81.709999
7.93,-82.5,8.46,-81.709999
7.94,-82.589996,8.45,-81.860001
7.94,-82.589996,8.45,-81.860001
7.94,-82.589996,8.45,-81.860001
7.94,-82.589996,8.45,-81.860001
7.94,-82.589996,8.45,-81.860001
7.94,-82.589996,8.45,-81.860001
7.93,-82.25,8.49,-81.779999
7.93,-82.25,8.49,-81.779999
7.93,-82.25,8.49,-81.779999
0.0,0.0,8.46,-81.989998
0.0,0.0,8.46,-81.989998
7.95,-83.190002,8.45,-81.790001
7.95,-83.190002,8.45,-81.790001
7.95,-83.190002,8.45,-81.790001
7.94,-83.440002,8.41,-82.199997
7.94,-83.440002,8.41,-82.199997
7.94,-83.440002,8.41,-82.199997
7.94,-83.849998,8.43,-81.860001
7.94,-83.849998,8.43,-81.860001
7.92,-83.019997,8.38,-81.93
7.92,-83.019997,8.38,-81.93
7.92,-83.019997,8.38,-81.93
7.62,-82.769997,8.43,-81.82
7.62,-82.769997,8.43,-81.82
7.62,-82.769997,8.43,-81.82
7.59,-83.150002,8.37,-82.040001
7.59,-83.150002,8.37,-82.040001
7.59,-83.150002,8.37,-82.040001
7.69,-83.43,8.41,-82.0
7.69,-83.43,8.41,-82.0
7.73,-83.949997,8.42,-81.919998
7.73,-83.949997,8.42,-81.919998
7.73,-83.949997,8.42,-81.919998
7.44,-83.459999,8.44,-81.510002
7.44,-83.459999,8.44,-81.510002
7.44,-83.459999,8.44,-81.510002
7.8,-83.870003,8.44,-81.279999
7.8,-83.870003,8.44,-81.279999
7.81,-83.5,8.42,-81.82
7.81,-83.5,8.42,-81.82
7.81,-83.5,8.42,-81.82
7.79,-83.160004,8.43,-81.980003
7.79,-83.160004,8.43,-81.980003
7.79,-83.160004,8.43,-81.980003
7.9,-83.150002,8.44,-82.050003
7.9,-83.150002,8.44,-82.050003
7.79,-83.5,8.44,-81.809998
7.79,-83.5,8.44,-81.809998
7.79,-83.5,8.44,-81.809998
7.82,-83.5,8.44,-81.75
7.82,-83.5,8.44,-81.75
7.82,-83.5,8.44,-81.75
7.9,-84.010002,8.4,-81.650002
7.9,-84.010002,8.4,-81.650002
7.9,-84.010002,8.4,-81.650002
7.79,-83.919998,8.43,-81.650002
7.79,-83.919998,8.43,-81.650002
7.85,-84.279999,8.44,-81.360001
7.85,-84.279999,8.44,-81.360001
7.85,-84.279999,8.44,-81.360001
7.91,-84.160004,8.43,-81.75
7.91,-84.160004,8.43,-81.75
7.91,-84.160004,8.43,-81.75
7.73,-84.360001,8.44,-81.589996
7.73,-84.360001,8.44,-81.589996
7.78,-84.139999,8.44,-81.620003
7.78,-84.139999,8.44,-81.620003
7.78,-84.139999,8.44,-81.620003
7.77,-84.169998,8.42,-81.370003
7.77,-84.169998,8.42,-81.370003
7.77,-84.169998,8.42,-81.370003
7.79,-84.120003,8.43,-81.489998
7.79,-84.120003,8.43,-81.489998
7.75,-84.349998,8.43,-81.599998
7.75,-84.349998,8.43,-81.599998
7.75,-84.349998,8.43,-81.599998
7.75,-84.349998,8.43,-81.599998
7.75,-84.349998,8.43,-81.599998
7.75,-84.349998,8.43,-81.599998
7.75,-84.349998,8.43,-81.599998
7.91,-83.900002,0.0,0.0
7.91,-83.900002,0.0,0.0
7.91,-83.900002,0.0,0.0
7.77,-84.129997,8.39,-82.080002
7.77,-84.129997,8.39,-82.080002
7.85,-83.900002,8.4,-81.610001
7.85,-83.900002,8.4,-81.610001
7.85,-83.900002,8.4,-81.610001
7.75,-84.190002,8.43,-82.040001
7.75,-84.190002,8.43,-82.040001
7.75,-84.190002,8.43,-82.040001
7.84,-84.059998,8.41,-81.75
7.84,-84.059998,8.41,-81.75
7.94,-83.900002,8.41,-82.059998
7.94,-83.900002,8.41,-82.059998
7.94,-83.900002,8.41,-82.059998
7.94,-83.93,8.42,-82.050003
7.94,-83.93,8.42,-82.050003
7.94,-83.93,8.42,-82.050003
7.92,-84.050003,8.44,-81.690002
7.92,-84.050003,8.44,-81.690002
7.92,-84.050003,8.44,-81.690002
7.91,-84.129997,8.43,-81.610001
7.91,-84.129997,8.43,-81.610001
7.87,-83.970001,8.4,-81.639999
7.87,-83.970001,8.4,-81.639999
7.87,-83.970001,8.4,-81.639999
7.95,-84.300003,8.42,-81.800003
7.95,-84.300003,8.42,-81.800003
7.95,-84.300003,8.42,-81.800003
7.84,-84.150002,8.41,-81.779999
7.84,-84.150002,8.41,-81.779999
7.92,-84.129997,8.45,-81.82
7.92,-84.129997,8.45,-81.82
7.92,-84.129997,8.45,-81.82
7.94,-83.800003,8.44,-81.730003
7.94,-83.800003,8.44,-81.730003
7.94,-83.800003,8.44,-81.730003
7.89,-84.0,8.41,-81.650002
7.89,-84.0,8.41,-81.650002
7.89,-84.0,8.41,-81.650002
7.96,-84.059998,8.42,-82.230003
7.96,-84.059998,8.42,-82.230003
7.93,-84.459999,8.45,-81.980003
7.93,-84.459999,8.45,-81.980003
7.93,-84.459999,8.45,-81.980003
7.9,-83.400002,8.43,-81.959999
7.9,-83.400002,8.43,-81.959999
7.9,-83.400002,8.43,-81.959999
7.97,-84.0,8.44,-81.959999
7.97,-84.0,8.44,-81.959999
7.97,-84.0,8.44,-81.959999
7.95,-83.519997,8.41,-81.879997
7.95,-83.519997,8.41,-81.879997
7.88,-83.459999,8.42,-82.139999
7.88,-83.459999,8.42,-82.139999
7.88,-83.459999,8.42,-82.139999
7.88,-83.459999,8.42,-82.139999
7.88,-83.459999,8.42,-82.139999
7.88,-83.459999,8.42,-82.139999
7.88,-83.459999,8.42,-82.139999
7.96,-83.910004,0.0,0.0
7.96,-83.910004,0.0,0.0
7.9,-83.870003,8.45,-81.959999
7.9,-83.870003,8.45,-81.959999
7.9,-83.870003,8.45,-81.959999
7.94,-83.339996,8.39,-81.790001
7.94,-83.339996,8.39,-81.790001
7.94,-83.339996,8.39,-81.790001
7.86,-83.440002,8.45,-81.720001
7.86,-83.440002,8.45,-81.720001
7.96,-82.989998,8.44,-81.720001
7.96,-82.989998,8.44,-81.720001
7.96,-82.989998,8.44,-81.720001
7.92,-83.230003,8.38,-81.889999
7.92,-83.230003,8.38,-81.889999
7.92,-83.230003,8.38,-81.889999
7.96,-83.400002,8.42,-81.910004
7.96,-83.400002,8.42,-81.910004
7.96,-83.400002,8.42,-81.910004
7.92,-83.18,8.42,-81.93
7.92,-83.18,8.42,-81.93
7.93,-83.269997,8.43,-82.0
7.93,-83.269997,8.43,-82.0
7.93,-83.269997,8.43,-82.0
7.97,-83.080002,8.42,-81.889999
7.97,-83.080002,8.42,-81.889999
7.97,-83.080002,8.42,-81.889999
7.93,-83.07,8.44,-81.830002
7.93,-83.07,8.44,-81.830002
7.93,-83.07,8.44,-81.830002
7.92,-83.160004,8.43,-81.629997
7.92,-83.160004,8.43,-81.629997
7.92,-82.57,8.42,-81.690002
7.92,-82.57,8.42,-81.690002
7.92,-82.57,8.42,-81.690002
7.69,-83.050003,8.4,-81.550003
7.69,-83.050003,8.4,-81.550003
7.69,-83.050003,8.4,-81.550003
7.69,-83.050003,8.4,-81.550003
7.69,-83.050003,8.4,-81.550003
7.69,-83.050003,8.4,-81.550003
7.69,-83.050003,8.4,-81.550003
