28.549999,-85.75,28.540001,-83.68
28.540001,-85.580002,28.540001,-83.43
28.540001,-84.489998,28.43,-83.059998
28.57,-85.25,28.51,-82.580002
28.549999,-84.339996,28.540001,-82.550003
28.57,-84.129997,28.43,-82.300003
28.549999,-83.919998,28.459999,-82.139999
28.540001,-83.709999,28.450001,-82.139999
28.540001,-83.709999,28.450001,-82.139999
28.540001,-83.709999,28.450001,-82.139999
28.530001,-83.93,28.49,-82.050003
28.530001,-83.93,28.49,-82.050003
28.57,-84.650002,28.459999,-82.589996
28.57,-84.650002,28.459999,-82.589996
28.57,-84.650002,28.459999,-82.589996
28.57,-84.650002,28.459999,-82.589996
28.57,-84.650002,28.459999,-82.589996
28.57,-84.650002,28.459999,-82.589996
28.57,-84.650002,28.459999,-82.589996
28.549999,-84.790001,0.0,0.0
28.549999,-84.790001,0.0,0.0
28.549999,-84.790001,0.0,0.0
28.57,-85.080002,28.49,-81.540001
28.57,-85.080002,28.49,-81.540001
28.57,-83.720001,28.469999,-82.349998
28.57,-83.720001,28.469999,-82.349998
28.57,-83.720001,28.469999,-82.349998
28.540001,-85.190002,28.51,-83.18
28.540001,-85.190002,28.51,-83.18
28.540001,-85.190002,28.51,-83.18
28.57,-84.699997,28.559999,-83.669998
28.57,-84.699997,28.559999,-83.669998
28.57,-84.699997,28.559999,-83.669998
28.57,-84.699997,28.559999,-83.669998
28.57,-84.699997,28.559999,-83.669998
28.57,-84.699997,28.559999,-83.669998
28.540001,-84.040001,28.52,-83.389999
28.540001,-84.040001,28.52,-83.389999
28.540001,-84.040001,28.52,-83.389999
0.0,0.0,28.49,-82.010002
0.0,0.0,28.49,-82.010002
28.549999,-84.010002,28.48,-82.739998
28.549999,-84.010002,28.48,-82.739998
28.549999,-84.010002,28.48,-82.739998
28.559999,-84.529999,28.48,-83.330002
28.559999,-84.529999,28.48,-83.330002
28.559999,-84.529999,28.48,-83.330002
28.549999,-84.279999,28.49,-83.269997
28.549999,-84.279999,28.49,-83.269997
28.549999,-84.279999,28.49,-83.269997
28.58,-84.360001,28.530001,-82.57
28.58,-84.360001,28.530001,-82.57
28.559999,-84.5,28.469999,-83.089996
28.559999,-84.5,28.469999,-83.089996
28.559999,-84.5,28.469999,-83.089996
28.57,-84.739998,28.469999,-82.610001
28.57,-84.739998,28.469999,-82.610001
28.57,-84.739998,28.469999,-82.610001
28.540001,-84.379997,28.5,-82.029999
28.540001,-84.379997,28.5,-82.029999
28.540001,-84.379997,28.5,-82.029999
28.58,-84.389999,28.51,-82.440002
28.58,-84.389999,28.51,-82.440002
28.530001,-84.739998,28.440001,-82.709999
28.530001,-84.739998,28.440001,-82.709999
28.530001,-84.739998,28.440001,-82.709999
28.559999,-84.830002,28.51,-82.510002
28.559999,-84.830002,28.51,-82.510002
28.559999,-84.830002,28.51,-82.510002
28.57,-83.75,28.450001,-81.849998
28.57,-83.75,28.450001,-81.849998
28.530001,-84.269997,28.459999,-82.860001
28.530001,-84.269997,28.459999,-82.860001
28.530001,-84.269997,28.459999,-82.860001
28.58,-84.529999,28.559999,-82.370003
28.58,-84.529999,28.559999,-82.370003
28.58,-84.529999,28.559999,-82.370003
28.559999,-84.290001,28.540001,-81.68
28.559999,-84.290001,28.540001,-81.68
28.540001,-84.0,28.450001,-81.279999
28.540001,-84.0,28.450001,-81.279999
28.540001,-84.0,28.450001,-81.279999
28.549999,-84.07,28.52,-82.620003
28.549999,-84.07,28.52,-82.620003
28.549999,-84.07,28.52,-82.620003
28.559999,-85.279999,28.52,-82.949997
28.559999,-85.279999,28.52,-82.949997
28.559999,-85.279999,28.52,-82.949997
28.559999,-85.279999,28.52,-82.949997
28.559999,-85.279999,28.52,-82.949997
28.559999,-85.279999,28.52,-82.949997
28.559999,-85.279999,28.52,-82.949997
28.58,-84.669998,28.52,-82.709999
28.58,-84.669998,28.52,-82.709999
0.0,0.0,28.52,-83.099998
0.0,0.0,28.52,-83.099998
0.0,0.0,28.52,-83.099998
28.549999,-85.559998,28.549999,-83.75
28.549999,-85.559998,28.549999,-83.75
28.549999,-85.559998,28.549999,-83.75
28.559999,-84.519997,28.48,-82.559998
28.559999,-84.519997,28.48,-82.559998
28.559999,-84.519997,28.48,-82.559998
28.59,-84.629997,28.469999,-82.139999
28.59,-84.629997,28.469999,-82.139999
28.540001,-84.839996,28.459999,-82.139999
28.540001,-84.839996,28.459999,-82.139999
28.540001,-84.839996,28.459999,-82.139999
28.57,-84.290001,28.530001,-83.010002
28.57,-84.290001,28.530001,-83.010002
28.57,-84.290001,28.530001,-83.010002
28.530001,-83.739998,28.49,-81.900002
28.530001,-83.739998,28.49,-81.900002
28.530001,-83.739998,28.49,-81.900002
28.52,-83.68,28.5,-81.849998
28.52,-83.68,28.5,-81.849998
28.559999,-83.220001,28.450001,-82.209999
28.559999,-83.220001,28.450001,-82.209999
28.559999,-83.220001,28.450001,-82.209999
28.540001,-84.209999,28.48,-82.360001
28.540001,-84.209999,28.48,-82.360001
28.540001,-84.209999,28.48,-82.360001
28.540001,-84.209999,28.48,-82.360001
28.540001,-84.209999,28.48,-82.360001
28.540001,-84.209999,28.48,-82.360001
28.559999,-83.709999,0.0,0.0
28.559999,-83.709999,0.0,0.0
28.559999,-83.709999,0.0,0.0
28.549999,-82.970001,28.48,-81.669998
28.549999,-82.970001,28.48,-81.669998
28.549999,-82.970001,28.48,-81.669998
28.57,-83.739998,28.43,-81.720001
28.57,-83.739998,28.43,-81.720001
28.57,-83.739998,28.43,-81.720001
28.6,-83.489998,28.450001,-81.800003
28.6,-83.489998,28.450001,-81.800003
28.549999,-83.110001,28.41,-81.559998
28.549999,-83.110001,28.41,-81.559998
28.549999,-83.110001,28.41,-81.559998
28.549999,-83.110001,28.41,-81.559998
28.549999,-83.110001,28.41,-81.559998
28.549999,-83.110001,28.41,-81.559998
28.549999,-83.110001,28.41,-81.559998
28.57,-83.129997,0.0,0.0
28.57,-83.129997,0.0,0.0
28.559999,-83.129997,28.43,-82.0
28.559999,-83.129997,28.43,-82.0
28.559999,-83.129997,28.43,-82.0
28.549999,-83.099998,28.459999,-81.739998
28.549999,-83.099998,28.459999,-81.739998
28.549999,-83.099998,28.459999,-81.739998
28.549999,-83.629997,28.440001,-82.029999
28.549999,-83.629997,28.440001,-82.029999
28.549999,-83.629997,28.440001,-82.029999
28.540001,-84.220001,28.459999,-82.18
28.540001,-84.220001,28.459999,-82.18
28.540001,-83.419998,28.459999,-81.800003
28.540001,-83.419998,28.459999,-81.800003
28.540001,-83.419998,28.459999,-81.800003
28.559999,-83.209999,28.450001,-82.150002
28.559999,-83.209999,28.450001,-82.150002
28.559999,-83.209999,28.450001,-82.150002
28.540001,-83.139999,28.49,-81.82
28.540001,-83.139999,28.49,-81.82
28.540001,-83.139999,28.49,-81.82
28.58,-84.0,28.440001,-81.980003
28.58,-84.0,28.440001,-81.980003
28.57,-84.290001,28.52,-81.860001
28.57,-84.290001,28.52,-81.860001
28.57,-84.290001,28.52,-81.860001
28.540001,-83.940002,28.459999,-81.690002
28.540001,-83.940002,28.459999,-81.690002
28.540001,-83.940002,28.459999,-81.690002
28.549999,-83.93,28.440001,-81.629997
28.549999,-83.93,28.440001,-81.629997
28.549999,-83.93,28.440001,-81.629997
28.540001,-83.830002,28.4,-81.419998
28.540001,-83.830002,28.4,-81.419998
28.57,-84.290001,28.51,-81.68
28.57,-84.290001,28.51,-81.68
28.57,-84.290001,28.51,-81.68
28.549999,-84.080002,28.42,-81.790001
28.549999,-84.080002,28.42,-81.790001
28.549999,-84.080002,28.42,-81.790001
28.549999,-83.860001,28.41,-81.760002
28.549999,-83.860001,28.41,-81.760002
28.51,-84.209999,28.51,-81.93
28.51,-84.209999,28.51,-81.93
28.51,-84.209999,28.51,-81.93
28.540001,-84.0,28.459999,-81.559998
28.540001,-84.0,28.459999,-81.559998
28.540001,-84.0,28.459999,-81.559998
28.57,-84.0,28.450001,-81.589996
28.57,-84.0,28.450001,-81.589996
28.57,-84.0,28.450001,-81.589996
28.559999,-83.980003,28.459999,-81.639999
28.559999,-83.980003,28.459999,-81.639999
28.58,-83.540001,28.530001,-81.599998
28.58,-83.540001,28.530001,-81.599998
28.58,-83.540001,28.530001,-81.599998
28.57,-83.68,28.440001,-81.809998
28.57,-83.68,28.440001,-81.809998
28.57,-83.68,28.440001,-81.809998
28.57,-83.519997,28.48,-81.790001
28.57,-83.519997,28.48,-81.790001
28.57,-84.349998,28.459999,-81.720001
28.57,-84.349998,28.459999,-81.720001
28.57,-84.349998,28.459999,-81.720001
28.57,-83.419998,28.459999,-81.82
28.57,-83.419998,28.459999,-81.82
28.57,-83.419998,28.459999,-81.82
28.540001,-83.370003,28.440001,-81.309998
28.540001,-83.370003,28.440001,-81.309998
28.540001,-83.370003,28.440001,-81.309998
28.540001,-83.440002,28.469999,-81.650002
28.540001,-83.440002,28.469999,-81.650002
28.57,-84.0,28.440001,-82.139999
28.57,-84.0,28.440001,-82.139999
28.57,-84.0,28.440001,-82.139999
28.57,-84.330002,28.43,-81.160004
28.57,-84.330002,28.43,-81.160004
28.57,-84.330002,28.43,-81.160004
28.59,-83.230003,28.42,-82.040001
28.59,-83.230003,28.42,-82.040001
28.59,-83.230003,28.42,-82.040001
28.549999,-83.480003,28.41,-81.599998
28.549999,-83.480003,28.41,-81.599998
28.540001,-83.599998,28.48,-81.730003
28.540001,-83.599998,28.48,-81.730003
28.540001,-83.599998,28.48,-81.730003
28.549999,-83.580002,28.459999,-81.839996
28.549999,-83.580002,28.459999,-81.839996
28.549999,-83.580002,28.459999,-81.839996
28.559999,-83.769997,28.459999,-81.580002
28.559999,-83.769997,28.459999,-81.580002
28.540001,-83.580002,28.530001,-81.900002
28.540001,-83.580002,28.530001,-81.900002
28.540001,-83.580002,28.530001,-81.900002
28.540001,-83.57,28.459999,-81.989998
28.540001,-83.57,28.459999,-81.989998
28.540001,-83.57,28.459999,-81.989998
28.549999,-83.919998,28.450001,-81.760002
28.549999,-83.919998,28.450001,-81.760002
28.549999,-83.919998,28.450001,-81.760002
28.559999,-83.330002,28.469999,-81.730003
28.559999,-83.330002,28.469999,-81.730003
28.57,-83.720001,28.459999,-82.510002
28.57,-83.720001,28.459999,-82.510002
28.57,-83.720001,28.459999,-82.510002
28.549999,-83.57,28.440001,-82.139999
28.549999,-83.57,28.440001,-82.139999
28.549999,-83.57,28.440001,-82.139999
28.559999,-83.32,28.450001,-82.209999
28.559999,-83.32,28.450001,-82.209999
28.559999,-83.32,28.450001,-82.209999
28.559999,-84.309998,28.51,-82.43
28.559999,-84.309998,28.51,-82.43
28.549999,-83.790001,28.440001,-82.169998
28.549999,-83.790001,28.440001,-82.169998
28.549999,-83.790001,28.440001,-82.169998
28.58,-83.550003,28.459999,-81.860001
28.58,-83.550003,28.459999,-81.860001
28.58,-83.550003,28.459999,-81.860001
28.57,-83.120003,28.469999,-81.959999
28.57,-83.120003,28.469999,-81.959999
28.549999,-84.150002,28.469999,-81.68
28.549999,-84.150002,28.469999,-81.68
28.549999,-84.150002,28.469999,-81.68
28.57,-84.029999,28.5,-81.419998
28.57,-84.029999,28.5,-81.419998
28.57,-84.029999,28.5,-81.419998
28.540001,-83.849998,28.469999,-81.510002
28.540001,-83.849998,28.469999,-81.510002
28.540001,-83.849998,28.469999,-81.510002
28.549999,-83.209999,28.48,-81.93
28.549999,-83.209999,28.48,-81.93
28.540001,-83.550003,28.450001,-81.110001
28.540001,-83.550003,28.450001,-81.110001
28.540001,-83.550003,28.450001,-81.110001
28.58,-83.18,28.42,-81.580002
28.58,-83.18,28.42,-81.580002
28.58,-83.18,28.42,-81.580002
28.59,-83.510002,28.459999,-81.669998
28.59,-83.510002,28.459999,-81.669998
28.59,-83.510002,28.459999,-81.669998
28.59,-83.510002,28.459999,-81.669998
28.59,-83.510002,28.459999,-81.669998
28.59,-83.510002,28.459999,-81.669998
28.549999,-83.059998,0.0,0.0
28.549999,-83.059998,0.0,0.0
28.549999,-83.059998,0.0,0.0
28.6,-84.209999,28.450001,-82.120003
28.6,-84.209999,28.450001,-82.120003
28.6,-84.209999,28.450001,-82.120003
28.549999,-83.889999,28.469999,-81.690002
28.549999,-83.889999,28.469999,-81.690002
28.559999,-82.690002,28.450001,-81.870003
28.559999,-82.690002,28.450001,-81.870003
28.559999,-82.690002,28.450001,-81.870003
28.549999,-82.93,28.49,-81.830002
28.549999,-82.93,28.49,-81.830002
28.549999,-82.93,28.49,-81.830002
28.540001,-84.0,28.5,-82.440002
28.540001,-84.0,28.5,-82.440002
28.559999,-84.25,28.5,-82.989998
28.559999,-84.25,28.5,-82.989998
28.559999,-84.25,28.5,-82.989998
28.6,-82.709999,28.459999,-82.07
28.6,-82.709999,28.459999,-82.07
28.6,-82.709999,28.459999,-82.07
28.559999,-83.459999,28.459999,-83.18
28.559999,-83.459999,28.459999,-83.18
28.559999,-83.459999,28.459999,-83.18
28.549999,-85.400002,28.49,-82.919998
28.549999,-85.400002,28.49,-82.919998
28.57,-84.790001,28.459999,-83.099998
