49.5,-85.629997,49.549999,-85.599998
49.450001,-84.779999,49.560001,-85.720001
49.470001,-85.0,49.59,-85.610001
49.43,-85.300003,49.549999,-86.790001
49.450001,-85.510002,49.549999,-85.690002
49.439999,-85.830002,49.580002,-86.07
49.459999,-86.150002,49.580002,-85.529999
49.459999,-86.150002,49.580002,-85.529999
49.470001,-85.75,49.560001,-85.839996
49.470001,-85.75,49.560001,-85.839996
49.470001,-85.75,49.560001,-85.839996
49.470001,-85.209999,49.549999,-85.529999
49.470001,-85.209999,49.549999,-85.529999
49.470001,-85.209999,49.549999,-85.529999
49.419998,-84.860001,49.549999,-86.839996
49.419998,-84.860001,49.549999,-86.839996
49.48,-85.120003,49.560001,-86.830002
49.48,-85.120003,49.560001,-86.830002
49.48,-85.120003,49.560001,-86.830002
49.48,-85.120003,49.560001,-86.830002
49.48,-85.120003,49.560001,-86.830002
49.48,-85.120003,49.560001,-86.830002
49.48,-85.120003,49.560001,-86.830002
49.48,-85.120003,49.560001,-86.830002
49.459999,-85.400002,49.540001,-85.559998
49.459999,-85.400002,49.540001,-85.559998
49.450001,-85.400002,49.540001,-85.919998
49.450001,-85.400002,49.540001,-85.919998
49.450001,-85.400002,49.540001,-85.919998
49.470001,-85.480003,49.549999,-85.989998
49.470001,-85.480003,49.549999,-85.989998
49.43,-86.029999,49.560001,-85.82
49.43,-86.029999,49.560001,-85.82
49.43,-86.029999,49.560001,-85.82
49.439999,-84.730003,49.580002,-86.07
49.439999,-84.730003,49.580002,-86.07
49.439999,-84.730003,49.580002,-86.07
49.43,-85.139999,49.610001,-85.779999
49.43,-85.139999,49.610001,-85.779999
49.419998,-85.099998,49.57,-86.120003
49.419998,-85.099998,49.57,-86.120003
49.419998,-85.099998,49.57,-86.120003
49.419998,-85.099998,49.57,-86.120003
49.419998,-85.099998,49.57,-86.120003
49.419998,-85.099998,49.57,-86.120003
49.419998,-85.099998,49.57,-86.120003
49.470001,-85.169998,0.0,0.0
49.470001,-85.169998,0.0,0.0
49.470001,-85.169998,0.0,0.0
49.450001,-85.980003,49.540001,-86.529999
49.450001,-85.980003,49.540001,-86.529999
49.450001,-85.980003,49.540001,-86.529999
49.43,-85.93,49.549999,-86.040001
49.43,-85.93,49.549999,-86.040001
49.43,-85.93,49.560001,-86.699997
49.43,-85.93,49.560001,-86.699997
49.43,-85.93,49.560001,-86.699997
49.43,-85.93,49.560001,-86.699997
49.43,-85.93,49.560001,-86.699997
49.43,-85.93,49.560001,-86.699997
49.43,-85.93,49.560001,-86.699997
49.450001,-85.690002,49.560001,-85.599998
49.450001,-85.690002,49.560001,-85.599998
49.450001,-85.690002,49.560001,-85.599998
49.470001,-85.669998,49.549999,-87.769997
49.470001,-85.669998,49.549999,-87.769997
49.470001,-85.669998,49.549999,-87.769997
49.470001,-87.290001,49.549999,-85.620003
49.470001,-87.290001,49.549999,-85.620003
49.470001,-87.290001,49.549999,-85.620003
49.459999,-86.529999,49.529999,-87.169998
49.459999,-86.529999,49.529999,-87.169998
49.459999,-86.529999,49.529999,-87.169998
49.470001,-86.220001,49.529999,-86.330002
49.470001,-86.220001,49.529999,-86.330002
49.450001,-87.699997,49.529999,-86.599998
49.450001,-87.699997,49.529999,-86.599998
49.450001,-87.699997,49.529999,-86.599998
49.459999,-86.220001,49.580002,-85.949997
49.459999,-86.220001,49.580002,-85.949997
49.459999,-86.220001,49.580002,-85.949997
49.470001,-85.980003,49.560001,-85.940002
49.470001,-85.980003,49.560001,-85.940002
49.48,-86.300003,49.59,-85.699997
49.48,-86.300003,49.59,-85.699997
49.48,-86.300003,49.59,-85.699997
49.490002,-86.080002,49.57,-86.309998
49.490002,-86.080002,49.57,-86.309998
49.490002,-86.080002,49.57,-86.309998
49.470001,-86.510002,49.549999,-87.629997
49.470001,-86.510002,49.549999,-87.629997
49.459999,-87.089996,49.560001,-86.739998
49.459999,-87.089996,49.560001,-86.739998
49.459999,-87.089996,49.560001,-86.739998
49.470001,-86.610001,49.540001,-86.629997
49.470001,-86.610001,49.540001,-86.629997
49.470001,-86.610001,49.540001,-86.629997
49.450001,-86.620003,49.59,-86.510002
49.450001,-86.620003,49.59,-86.510002
49.450001,-86.620003,49.59,-86.510002
49.48,-86.43,49.52,-87.300003
49.48,-86.43,49.52,-87.300003
49.450001,-87.709999,49.560001,-86.529999
49.450001,-87.709999,49.560001,-86.529999
49.450001,-87.709999,49.560001,-86.529999
49.43,-87.940002,49.57,-86.529999
49.43,-87.940002,49.57,-86.529999
49.43,-87.940002,49.57,-86.529999
49.439999,-86.230003,49.549999,-86.080002
49.439999,-86.230003,49.549999,-86.080002
49.439999,-86.230003,49.549999,-86.080002
49.450001,-86.379997,49.509998,-88.169998
49.450001,-86.379997,49.509998,-88.169998
49.459999,-86.809998,49.549999,-86.099998
49.459999,-86.809998,49.549999,-86.099998
49.459999,-86.809998,49.549999,-86.099998
49.470001,-85.650002,49.52,-85.739998
49.470001,-85.650002,49.52,-85.739998
49.470001,-85.650002,49.52,-85.739998
49.470001,-85.660004,49.549999,-86.099998
49.470001,-85.660004,49.549999,-86.099998
49.470001,-85.660004,49.549999,-86.099998
49.459999,-85.459999,49.59,-86.870003
49.459999,-85.459999,49.59,-86.870003
49.450001,-85.089996,49.560001,-85.93
49.450001,-85.089996,49.560001,-85.93
49.450001,-85.089996,49.560001,-85.93
49.470001,-85.529999,49.57,-87.440002
49.470001,-85.529999,49.57,-87.440002
49.470001,-85.529999,49.57,-87.440002
49.470001,-85.349998,49.540001,-87.150002
49.470001,-85.349998,49.540001,-87.150002
49.48,-85.059998,49.549999,-86.169998
49.48,-85.059998,49.549999,-86.169998
49.48,-85.059998,49.549999,-86.169998
49.470001,-86.43,49.549999,-87.199997
49.470001,-86.43,49.549999,-87.199997
49.470001,-86.43,49.549999,-87.199997
49.48,-85.690002,49.52,-86.93
49.48,-85.690002,49.52,-86.93
49.48,-85.690002,49.52,-86.93
49.470001,-86.290001,49.540001,-87.440002
49.470001,-86.290001,49.540001,-87.440002
49.459999,-86.709999,49.549999,-86.32
49.459999,-86.709999,49.549999,-86.32
49.459999,-86.709999,49.549999,-86.32
49.459999,-86.709999,49.549999,-86.32
49.459999,-86.709999,49.549999,-86.32
49.459999,-86.709999,49.549999,-86.32
49.459999,-86.709999,49.549999,-86.32
49.470001,-86.160004,49.529999,-87.080002
49.470001,-86.160004,49.529999,-87.080002
49.439999,-86.349998,49.560001,-85.959999
49.439999,-86.349998,49.560001,-85.959999
49.439999,-86.349998,49.560001,-85.959999
49.470001,-87.080002,49.529999,-86.5
49.470001,-87.080002,49.529999,-86.5
49.470001,-87.080002,49.529999,-86.5
49.509998,-87.540001,49.52,-86.510002
49.509998,-87.540001,49.52,-86.510002
49.450001,-86.919998,49.5,-87.0
49.450001,-86.919998,49.5,-87.0
49.450001,-86.919998,49.5,-87.0
49.450001,-86.919998,49.5,-87.0
49.450001,-86.919998,49.5,-87.0
49.450001,-86.919998,49.5,-87.0
49.450001,-86.919998,49.5,-87.0
49.450001,-86.919998,49.5,-87.0
49.459999,-86.730003,49.509998,-85.68
49.459999,-86.730003,49.509998,-85.68
0.0,0.0,49.52,-86.470001
0.0,0.0,49.52,-86.470001
0.0,0.0,49.52,-86.470001
49.459999,-86.410004,49.549999,-86.910004
49.459999,-86.410004,49.549999,-86.910004
49.459999,-86.410004,49.549999,-87.709999
49.459999,-86.410004,49.549999,-87.709999
49.459999,-86.410004,49.549999,-87.709999
49.43,-86.419998,49.52,-86.989998
49.43,-86.419998,49.52,-86.989998
49.43,-86.419998,49.52,-86.989998
49.450001,-86.980003,49.52,-88.209999
49.450001,-86.980003,49.52,-88.209999
49.450001,-86.980003,49.52,-88.209999
49.470001,-87.5,49.540001,-87.519997
49.470001,-87.5,49.540001,-87.519997
49.48,-88.459999,49.549999,-87.669998
49.48,-88.459999,49.549999,-87.669998
49.48,-88.459999,49.549999,-87.669998
49.450001,-88.209999,49.57,-87.139999
49.450001,-88.209999,49.57,-87.139999
49.450001,-88.209999,49.57,-87.139999
49.450001,-88.400002,49.59,-86.860001
49.450001,-88.400002,49.59,-86.860001
49.490002,-88.089996,49.560001,-86.43
49.490002,-88.089996,49.560001,-86.43
49.490002,-88.089996,49.560001,-86.43
49.459999,-86.989998,49.529999,-86.379997
49.459999,-86.989998,49.529999,-86.379997
49.459999,-86.989998,49.529999,-86.379997
49.470001,-87.209999,49.540001,-86.910004
49.470001,-87.209999,49.540001,-86.910004
49.470001,-87.209999,49.540001,-86.910004
49.470001,-87.110001,49.529999,-87.650002
49.470001,-87.110001,49.529999,-87.650002
49.490002,-86.93,49.529999,-87.730003
49.490002,-86.93,49.529999,-87.730003
49.490002,-86.93,49.529999,-87.730003
49.48,-86.160004,49.549999,-86.309998
49.48,-86.160004,49.549999,-86.309998
49.48,-86.160004,49.549999,-86.309998
49.470001,-86.25,49.57,-86.339996
49.470001,-86.25,49.57,-86.339996
49.470001,-86.25,49.57,-86.339996
49.5,-86.330002,49.549999,-86.480003
49.5,-86.330002,49.549999,-86.480003
49.470001,-88.040001,49.560001,-86.440002
49.470001,-88.040001,49.560001,-86.440002
49.470001,-88.040001,49.560001,-86.440002
49.459999,-86.730003,49.560001,-87.300003
49.459999,-86.730003,49.560001,-87.300003
49.459999,-86.730003,49.560001,-87.300003
49.470001,-87.510002,49.540001,-87.300003
49.470001,-87.510002,49.540001,-87.300003
49.470001,-87.510002,49.540001,-87.300003
49.48,-88.050003,49.560001,-87.489998
49.48,-88.050003,49.560001,-87.489998
49.470001,-86.589996,49.540001,-87.699997
49.470001,-86.589996,49.540001,-87.699997
49.470001,-86.589996,49.540001,-87.699997
49.490002,-85.779999,49.549999,-88.059998
49.490002,-85.779999,49.549999,-88.059998
49.490002,-85.779999,49.549999,-88.059998
49.439999,-86.550003,49.529999,-87.629997
49.439999,-86.550003,49.529999,-87.629997
49.439999,-86.550003,49.529999,-87.629997
49.450001,-86.32,49.540001,-88.010002
49.450001,-86.32,49.540001,-88.010002
49.470001,-86.349998,49.52,-86.639999
49.470001,-86.349998,49.52,-86.639999
49.470001,-86.349998,49.52,-86.639999
49.48,-86.300003,49.560001,-86.459999
49.48,-86.300003,49.560001,-86.459999
49.48,-86.300003,49.560001,-86.459999
49.470001,-86.089996,49.549999,-85.889999
49.470001,-86.089996,49.549999,-85.889999
49.470001,-86.089996,49.560001,-86.129997
49.470001,-86.089996,49.560001,-86.129997
49.470001,-86.089996,49.560001,-86.129997
49.459999,-86.379997,49.549999,-86.599998
49.459999,-86.379997,49.549999,-86.599998
49.459999,-86.379997,49.549999,-86.599998
49.470001,-87.029999,49.560001,-86.309998
